"x";"y";"z";"id"
500,856191106141;299,593674166372;-50,299025694873;1
455,256418883801;191,648253904552;-222,856657061158;1
-363,432146050036;-113,629763310866;250,722838823005;1
-26,8787990324199;482,015183616297;-302,482965067443;1
-112,815542612225;-227,07551472763;321,895942071829;1
597,710075508803;29,3382700122644;-23,9666217862203;1
-69,3205500952899;-204,520898006555;-51,8212537171271;1
-592,199100740254;-45,8566111439021;-20,5248170306221;1
289,559166692197;448,285386590984;185,184540617309;1
-551,04266256094;66,0088952973761;196,098768307609;1
531,333725899458;109,506838165676;-87,9994563823252;1
-44,7631454095244;28,9842859263719;553,718490790244;1
-210,841367673129;352,017259843957;-253,480142636037;1
382,874189782888;325,125366443086;-145,442341578595;1
541,929496172816;110,526977713245;-33,751652734159;1
-376,509251631796;55,9622819600475;61,0230832250857;1
242,863336578012;-276,29896701869;168,625467605856;1
418,99519180879;416,015290579047;-73,0336737354123;1
583,178926818073;4,25968772267947;-55,6218770110527;1
-233,844125457108;-118,827246995164;-426,040655558548;1
-392,722152918577;370,02730864007;22,7961735641751;1
-35,8445975929499;-302,573655769895;456,493472807065;1
13,9007437974215;29,4207719205109;-146,048173309479;1
294,330417271703;-34,4113067781416;77,5667025272481;1
-109,546229895204;152,213611507271;440,650650276025;1
-468,045902252197;-31,7300252557589;-330,471385415004;1
-138,975167647004;274,802956138357;467,51845872656;1
-485,308357793838;320,701607096719;-52,2434160960169;1
184,036594815552;453,959136342444;89,179142984304;1
-510,440315678716;-298,403572828824;43,5601392290843;1
387,512546125799;266,247530606861;105,051484679752;1
132,097568269819;-492,652724763981;272,082620379648;1
-532,764614839107;257,073330983349;-90,1000399331298;1
-56,3464974984527;-29,5398329870599;12,6030248263153;1
-163,542395364493;-509,14110249964;-134,273001069458;1
262,957511935383;-480,420917163576;-44,8567237964799;1
338,702063541859;-301,733926744108;36,5777359274974;1
65,7329248264432;221,400042161567;-471,829460390201;1
-13,5161804035306;84,7469143776528;524,054569951195;1
-231,035108305514;199,547292862197;379,980907792841;1
-533,42094803229;-78,6107313276048;-108,695425001612;1
260,03345316276;537,621943075348;57,7105842259417;1
-477,32300106436;313,423795468262;-74,8549405747196;1
587,136312201619;-104,734080781982;-62,1723441467877;1
31,619210075587;68,7878355078011;171,289616271388;1
-82,2437077760696;-455,505380509312;-255,592302796236;1
370,641248580068;-398,263539193067;210,327498713394;1
-110,299305059016;157,298233877931;-33,7077854432094;1
30,5353361181915;427,110152721185;159,990237867526;1
-274,563169665635;196,386505022066;-199,618773106779;1
-151,097222417593;-477,944988351492;-118,485032783236;1
-294,252880476415;21,0340099580957;-507,744295062294;1
-526,28743685782;242,252224590117;21,573943218238;1
490,146534238011;87,582902811773;100,096610321243;1
270,689582638443;216,732806443644;376,977612904048;1
-432,708573248237;188,590547740804;-103,64037955886;1
-592,824941128492;51,3507457647144;-29,9630081377235;1
-30,2197529934347;375,414387004546;220,193154927856;1
9,09507656469941;-596,656518982184;25,7326649095243;1
-105,345925781876;-433,484488966591;-148,675981250828;1
-268,087388947606;-533,755170975478;40,60664973592;1
252,21029324457;416,846967368205;32,4089874291423;1
-81,2309081666172;-126,356288923835;-65,7582710209996;1
493,64584106952;147,952450335456;-208,547710602158;1
-378,909261804074;325,276474435275;131,436929606571;1
-390,874531399459;-101,404079266675;70,1788875618349;1
44,2542999051511;-105,207022229521;513,514486498435;1
552,481840923429;63,0088650008668;91,3825715665889;1
214,383589569479;524,929112890317;125,565710398385;1
-76,1199038475752;-341,87762566202;480,177844506286;1
533,497684076428;-79,7507198206518;-44,8875070670751;1
499,044211115688;-112,304789111846;-189,202854227714;1
-143,565934896469;154,989366672312;-399,902794361174;1
-200,613826420158;-504,004526245634;1,81664229406681;1
595,298868790269;-49,2476968787906;7,83926405822147;1
-208,697396144271;-130,806132403502;-63,0588952973922;1
-210,615776013583;557,426801856917;-60,2264427754547;1
-158,405376411974;522,950096911923;132,507267174453;1
538,109110761434;-17,2432592968841;192,071984789719;1
513,276285678148;214,465291249307;-113,086566979649;1
302,446565497667;-493,820073995707;87,5335991847734;1
-484,738887939602;4,78136068862;-310,749544220222;1
581,295702885836;129,350306885761;-59,5516113398954;1
-218,435526732355;155,832703364029;-346,773744372374;1
-141,680573578924;513,219175425541;-270,549031229969;1
-276,914244331419;206,476011023697;26,8914564134825;1
135,45148987323;349,783449480556;427,143509162562;1
-369,411930721253;335,565809338774;-115,198603501775;1
537,046283204108;43,9130066607415;146,927350552698;1
-361,425479035825;192,840742281013;-112,521625049724;1
82,7947519719601;557,262913515258;-193,013991183866;1
-443,86472851038;202,148762477932;-223,629662823169;1
280,294284503907;441,390838395033;168,275143013202;1
238,08343783021;123,184080809576;343,683225393629;1
-521,825269795954;-211,317469944013;56,4641433384631;1
-12,2479051351547;590,706610870684;-55,8447771462599;1
163,696076162159;180,356475956875;-6,32827256282724;1
171,944402530789;-196,599051079795;77,8135634387853;1
517,09230914712;64,2781320707464;-43,4236180160005;1
-470,81428617239;295,023693092472;-192,416708784529;1
545,18564119935;-55,6619992627723;-40,5748240234373;1
428,67139633745;255,206183958909;266,702700879518;1
-528,894676174968;-45,1230103292952;-192,634777970626;1
-19,4012911990285;-582,275544581777;70,1804128953169;1
-480,514619685709;314,198747964774;-150,3291321345;1
-109,765199851245;551,944292538695;-58,4538935344921;1
510,209551267326;285,220637298043;-47,0240749610493;1
-519,38914116472;36,7118637734734;297,824771343243;1
-247,996620554477;-484,290843028789;-208,564209529351;1
313,974579703063;103,334518288519;-237,230038646824;1
-288,537122122943;140,425574219475;190,53498272257;1
-295,278576482087;111,381720019528;-474,296618948707;1
156,29585981369;302,874484606984;262,452542992402;1
521,351489704102;84,2061147042918;-30,8510798879796;1
-542,728539090604;112,378327494765;0,717861839049505;1
43,9728104509413;-589,423446049075;94,0101999221538;1
189,421613607556;-168,886030427096;-234,041098138543;1
-314,856969472021;-506,281888153409;62,5304242952268;1
126,309564057738;-585,987405717813;7,24222983806831;1
-222,349704802036;-101,371831029553;432,565467798955;1
-542,073009721935;-199,34393216403;30,0591089939777;1
374,425145611167;-210,995141674322;147,288522256207;1
500,952428486198;120,079966536924;-196,284056164493;1
500,611570011824;4,96064242950064;71,2980858664714;1
-310,868388041854;-299,214053204461;99,5765506814374;1
176,496297866106;280,579499556091;-35,3814653926422;1
404,217700101435;-302,840205036495;-109,658143281501;1
210,04183832556;105,832453123791;-84,3671043547171;1
-423,676714114845;-64,8087005695231;317,044311529984;1
-441,209394112229;242,346461226126;218,314214839959;1
-79,5389413833618;397,768877602363;338,82487463671;1
-548,869496304542;76,5917587644464;3,63923910204628;1
288,562860153615;-172,759827557098;196,955862310648;1
119,725690875202;63,5203752431047;-569,117175866019;1
588,694207929075;55,1830562056015;-65,5101851074562;1
-101,539137773216;-239,644659733093;202,548902784888;1
352,280684374273;107,228191050865;69,9847158517961;1
353,271363861859;-284,667782834516;119,009102113163;1
-538,509982544929;84,6464266321487;-203,128552347492;1
14,554987102747;96,9061377589783;106,421495859013;1
425,73204562068;-417,962488840358;27,5380802664836;1
-59,025985468179;-586,511617791979;91,7269962818065;1
169,443923514336;-466,175276301486;-14,4417607817036;1
-216,069111507386;38,3088577905429;93,289937329542;1
-57,4986878782511;508,977633578156;-136,431319609416;1
-200,719435606152;535,260056213575;-66,1525128176061;1
-305,645410437137;-257,601816257026;-254,417932384902;1
-48,0699534527957;438,821867747353;9,22150299346055;1
-99,156301561743;297,624047918844;317,676969466009;1
-286,525650043041;483,613313831932;104,761238817753;1
155,975999403745;-348,090456622549;274,476608212307;1
578,127867355943;129,160637510988;-59,683318182151;1
-295,330800209194;28,2792651429103;-374,117483519156;1
268,430547695607;-24,7267684618798;160,171531383014;1
430,957598984241;252,926220198738;180,977894206828;1
214,385292492807;226,083943570537;180,978151452291;1
-78,8358880206943;-104,629210199353;-42,6870645834327;1
-545,01987984404;-76,1017597121659;23,0858125605942;1
-264,432006888092;-534,860846523472;-22,8472999723602;1
510,473066847771;286,259037132087;82,0671090458324;1
-554,290014971048;63,6745393206712;74,320646638165;1
-235,031087044626;-412,413910678828;328,73930639904;1
-528,77856194973;-145,377117738231;-112,623016740313;1
337,00615586713;-48,2755064445554;491,564706729778;1
-156,91633997485;21,8854137080231;284,433564063417;1
367,542459815741;393,665470654536;-104,035160198256;1
458,027725853026;-182,573584955004;109,808366565755;1
-186,333380453289;-290,946314166469;73,8901153922594;1
435,531272739172;333,590064586614;131,423390432145;1
-567,450964450836;97,2449680354797;81,6712772182611;1
23,4734117053449;574,067520678089;-136,36800990154;1
394,835365377367;54,9392888354436;-366,899900955936;1
-576,143067050725;135,022388268809;61,4634859294472;1
239,625925105065;31,5537771690583;-403,010963367305;1
-430,943189375103;166,419128617021;54,5309615314372;1
428,629888594151;-269,254761060494;287,197184473551;1
-485,612345952541;-181,031730740172;-99,3536538176466;1
-157,863450888544;540,714462892186;2,73420337363652;1
494,151632487774;-99,5574635173184;299,090481423043;1
-407,434151507914;341,414496146843;-171,061360518956;1
-577,244594972581;-114,070252905224;-78,5982462194013;1
-294,882126990706;266,443863533202;321,378236451581;1
562,40959642455;-192,396026559639;8,69088865924569;1
210,98571382463;-2,59399439771789;441,980554776141;1
-91,2066260352731;-113,744017275344;-335,838233100265;1
553,139435034245;10,0712357625378;-61,6139279219644;1
-334,949741140008;-6,32565591670385;371,632467044943;1
316,573365591466;-374,102853607243;333,109841943618;1
56,381958257407;203,762797499278;-361,031954950989;1
-10,7444579713047;470,87008080593;185,874428862061;1
496,947057265788;-103,088494618363;-177,12372889704;1
-46,0370874032378;286,338371469135;-438,654283343668;1
53,8128222338855;-253,649359033421;-386,730178922521;1
344,600200932473;-372,395123276526;-162,875745531766;1
-405,949665606022;405,652864816097;-51,0529639257119;1
-546,156360860914;236,507586275279;-50,4502527420234;1
-511,422738712281;-245,104431137113;-133,88518454141;1
189,468527957797;311,964241617462;331,288457311736;1
-329,89601008594;284,340996541765;-316,149444370484;1
-442,985413223505;372,94326719065;21,2952120859296;1
-236,877336725593;-144,210035424722;-311,949697846457;1
-171,864443644881;6,91570947801472;526,497270322443;1
-531,270713824779;-62,7510753400037;11,1705648610083;1
590,4231749475;-77,7378878669124;-62,7958387171026;1
383,894228842109;148,943490274048;-250,676783726062;1
-253,350528515875;284,979753774043;-205,530678528872;1
553,453917335719;184,225664000912;-17,7676286526689;1
441,005715541542;-327,689001628439;201,974219425389;1
414,766437280923;-169,239505522452;-150,465546625974;1
536,351206619292;-140,00054280776;67,6889252200114;1
-593,629588745534;41,6793391193828;-69,0218912110783;1
-559,638902451843;140,226046006236;88,69683007645;1
376,916132960469;-373,6330403352;-53,1224289542799;1
106,517534237355;78,1792993378376;-363,665970885284;1
-147,69548624754;543,034476036796;178,060928617188;1
-277,603259123862;489,395660879499;152,573702856519;1
479,073250852525;139,247975955667;-313,780463836412;1
-312,864766828716;-503,576495870221;71,0333090821341;1
574,759526643902;17,5680823978362;81,231018453623;1
587,740972917527;-114,359143339949;-20,6109083116902;1
-471,037072967738;145,516520634516;-296,912025025551;1
-351,502976752818;7,23202820567781;-44,2446643494646;1
-35,8874324709177;403,60710717319;-64,8989452261135;1
511,320602148771;-293,429716357368;-67,680908477501;1
-235,823681764305;-401,49787690167;121,752868408752;1
595,835579931736;65,8825244347248;8,26863509606672;1
586,667080689222;-79,025071866485;7,13541340275853;1
115,001501049846;264,44512127763;-254,349412508961;1
22,0931449905038;291,506495842437;-455,074653836502;1
469,637312740088;-39,9474690298653;-312,780802568539;1
226,039859186858;-86,8712393525022;304,422111266961;1
-229,74920924753;106,19504962755;486,863434814054;1
323,017499037087;56,6190791323916;141,675185062881;1
329,331152513623;-59,6683578452231;443,74443784484;1
49,0888746455312;-356,629390470805;65,144210728442;1
496,113036107272;151,013741846792;55,6990125942746;1
-369,540776219219;110,579340390678;255,96786317479;1
251,368014514446;533,11824572064;76,2380807109225;1
-556,905229389668;-22,1675030010325;9,70572153654305;1
15,135111194104;207,248882757782;424,873441516802;1
120,41448270902;-320,640899971184;384,197834135172;1
273,190260864794;-470,300371696983;245,215809925423;1
217,536943405867;-215,611588631148;-240,59920208451;1
-334,220998641104;-171,744470763058;-267,672408546405;1
561,980986129493;-131,78163849096;5,8436166095222;1
-203,402079362422;-556,78534041175;-81,7625270182929;1
-64,1626378521323;503,753727924047;-289,245350212203;1
-206,776695325971;-561,410529855332;-44,3547691509847;1
-118,746690172702;-561,388362512268;27,23364022475;1
-30,3051520138979;382,499803473939;-14,7729883361289;1
133,902611956;115,562446545888;-116,232325285845;1
-246,839998383075;280,455433004424;276,963908330454;1
-123,614143207669;-256,997443303448;-463,078321476435;1
-407,835846114904;-203,317968342677;-36,6456221392045;1
-588,475234340876;-86,2264868421886;-57,1250954318098;1
220,219528768212;-146,955941916344;-91,4375252463299;1
513,036492280662;-227,630128548257;104,381399231437;1
284,139766730368;-236,745290274147;-124,207784314269;1
-567,054074350744;66,1359979015453;-92,0764468086331;1
-484,662005491555;-132,905218363923;250,890813800446;1
-10,814702231437;12,7995602371452;68,3195438066695;1
-339,098047558218;449,788077218658;-117,365985899004;1
143,088141549379;-175,354039424707;459,540386651506;1
335,775971319526;486,225927810703;85,8571528244052;1
443,863345775753;264,092141772056;57,915761046939;1
539,932573400438;-125,029199222558;-178,303923523955;1
-371,95364786312;457,097789670874;-7,99042241891945;1
-126,274457573891;-392,965375919698;-370,968433667765;1
-485,071792826056;-241,654420353815;-138,200706376638;1
220,302656572312;-120,506801828881;179,239424328639;1
595,041374210268;13,6558969654479;18,4793151433671;1
90,3410657308996;104,976348450463;70,8447900552767;1
-31,8458997644484;328,884192316153;-436,472140530056;1
6,86660734936595;209,799228131997;338,781395986916;1
-323,262573592365;-58,1648251932469;-335,200392076223;1
-120,367888826877;-98,491445895009;123,148235451892;1
492,721141688526;171,267176782891;88,1309137313223;1
-240,786846354604;329,580681774791;65,8838590429098;1
313,075740728527;-488,902014449279;-150,128739307717;1
-388,876395765692;-156,164370393291;-408,681020203588;1
-455,43504813686;-18,3738627362877;185,676008427242;1
337,54300782457;469,284165686969;-151,450248257306;1
-333,622544445097;-20,9564451129908;72,6540919367494;1
171,463205851614;-426,364504278141;198,301250203025;1
420,817315019667;-57,8296641745389;118,576274354576;1
-25,6646228022873;592,638626793829;21,4686177046552;1
-232,795261312276;-398,696180106879;-322,594090531459;1
-106,173621676862;-548,775321422746;-94,9530700467211;1
-173,683539871126;-302,626986635014;328,949749670909;1
-297,510270774364;17,8156732390868;79,6111635991637;1
267,968182358891;-438,838279938625;294,344661470224;1
-36,1417522653937;194,104828657924;-103,185340676109;1
244,274593424052;-122,275664587261;135,253810280124;1
199,818853475153;181,226088364465;477,672647139934;1
-563,225998263806;188,856271543916;-23,0885442945191;1
-60,732523072511;334,603769536134;297,267084106469;1
578,709362447262;62,9644167854312;-120,52698778746;1
126,395406201482;-115,970086803256;-326,203729922141;1
588,851799163967;-110,307607702118;-13,9490496065105;1
-559,816153720021;146,743471338016;-103,482209808581;1
-112,715454306453;41,9360574841725;57,3904460314587;1
-197,654135059565;-362,60033588165;149,562695628579;1
-367,411324940622;294,338080506689;50,3131183245491;1
-130,571758188307;149,555677629806;-29,1657269547173;1
-266,689397301525;51,0272533857404;111,766815165381;1
426,993288751692;-206,812507496407;33,8547409423081;1
110,800619702786;447,41438326536;-164,116212356991;1
-409,3844759278;-154,33246782606;115,636536658834;1
-589,349320437759;42,3849567971725;-2,48627173254179;1
-539,097828604281;49,9840117815075;-15,2784659652015;1
-142,110081296414;-295,921090902198;-213,607389536238;1
-384,096208959818;-41,373970563448;4,64985667411315;1
-327,105842158198;86,9495232511571;-425,694781350951;1
583,54708654806;22,6216612763036;134,529969568882;1
-133,497662097216;535,883648696471;23,6202037089384;1
520,560692343861;-156,89145553431;-232,296400116777;1
273,060995712876;-368,686706047091;273,480969442961;1
-56,6423275507987;207,116280364658;544,463570530603;1
-32,1476147510111;488,092226375079;-148,555940683817;1
-489,892473444343;312,385856957135;-31,3265010345453;1
-179,720164462924;68,4283002496003;-563,282304525664;1
373,726318404078;-121,771519537151;153,628539608494;1
421,645658835769;-398,333817783581;-125,471672432981;1
44,5144786499441;436,396502126748;-225,204938176789;1
509,812177531421;207,729024551835;144,866144659682;1
497,523825243115;85,7148568750331;-238,338626548828;1
-174,858283996582;-370,577164125919;-327,767453169321;1
-8,18291176110506;339,538306867676;281,804083988605;1
-309,28901899606;-117,143105752864;360,593972496056;1
79,4363396242261;283,67171578751;-486,577162054653;1
289,054495934397;32,4857069183658;407,662012054745;1
-570,986075419933;-144,919568060244;-67,1141994389983;1
367,90567394346;-59,815873276612;-21,4513016008527;1
350,588202103972;110,041551954545;47,340803105022;1
591,745623014867;-88,4410662846953;24,0766187352299;1
-178,844213113189;167,388305512718;162,154569358954;1
291,054788511246;-475,496185950787;156,846083590847;1
156,939958501607;575,36415308107;37,6437433369303;1
239,546849671751;80,448934223624;497,480151647335;1
-465,887442324311;35,9876110346316;359,999783315273;1
111,749222036451;242,297558471154;-202,311540261702;1
-318,489734362811;-263,276084778652;-259,68545265855;1
-242,741714883596;-266,575098771149;-11,5799665131739;1
99,6779727749527;-185,76764375994;154,381235775489;1
-404,737378656864;267,114110527211;-182,89477094959;1
304,421099927276;39,5988025029377;444,834125750813;1
-544,621943682432;59,84992595567;179,777166177723;1
-34,874052554369;126,9197115932;50,7511019547342;1
305,841458961368;-42,3327682390813;193,818645913761;1
-27,1129623055458;-206,479266142542;-296,655382286638;1
355,462529696524;-467,765219597763;106,473840761196;1
14,3945004791021;-526,214135089619;-32,9769103592654;1
492,354531213641;-109,991554910633;122,576050661924;1
-535,317177884281;-2,30522561817628;-155,367752777064;1
-56,3365361653268;76,7422776455661;182,1901955407;1
-96,7366847209632;396,522150720131;-330,397836216091;1
-269,347306061536;72,3808185160159;-135,179817551528;1
-24,1224702447653;-444,001188485485;391,701185658185;1
-165,966357942671;432,595361259654;351,352450885975;1
-370,14525057748;189,026571944269;20,6299269416889;1
-100,482603348792;-185,741150720731;-555,630244621255;1
468,002824857831;-208,248306455591;262,207378296506;1
-578,029250074178;-120,473462655346;-10,5899217688772;1
-320,899078063667;-391,59837304535;-45,6378635186516;1
550,667449180037;-53,8786412028424;-30,5707872328458;1
-187,594386655837;-94,8106526737151;329,790747789369;1
421,507051773369;-293,787508830648;-268,900684668844;1
-347,637234348804;379,054267792188;205,722485476005;1
378,140066284686;405,816003004199;-182,265577207259;1
377,764373179525;-43,0930848942384;200,343919978489;1
-579,469597153366;116,599501922729;-59,2912755895047;1
-76,7457121051848;285,455132714233;226,458731869653;1
-180,117303784937;-26,5009381743367;442,716786268744;1
-151,234756037593;-326,010110310026;405,914831183622;1
264,293752145022;335,006074464943;-288,633722760341;1
-442,636262252927;46,9868738747866;3,8746002133737;1
263,419552892447;312,590970593758;408,806297394281;1
509,358373191208;10,5351269627108;-238,026461245906;1
579,685271065682;-86,6435827763558;31,2033433909712;1
483,775861188769;296,190455316345;149,077643854792;1
203,797801584005;283,746312839671;45,4064659757253;1
-268,189382180572;346,071538968518;32,9382440081235;1
539,627942629158;163,047449494823;-31,2033775410676;1
276,435801107436;428,405528674944;235,913230225728;1
-177,889478299767;-103,984197184315;-527,212527098134;1
-263,691310398281;-524,54911512726;33,3301290379641;1
-462,15546336025;-219,439514714069;63,1467685266666;1
-273,197796195745;-302,035512853561;141,205208351345;1
-217,987730260938;-317,866663991909;60,2758797143825;1
516,784870997071;-56,2146900877422;-89,1867416232271;1
-563,118244707584;6,67432330168464;149,61283771395;1
-24,0026791580021;-543,81384272912;-35,1249065771533;1
38,345533143729;508,982906912794;140,870469547163;1
262,803360354155;-338,515398333913;349,916700078421;1
99,1577382199466;71,9068210167489;357,965823964351;1
520,329680386931;-64,0368595844053;135,375096650565;1
-488,146605994552;187,573529382003;-89,3698387194776;1
294,198530819267;452,024382265415;49,3663454521744;1
148,574233520776;-62,5541464006126;545,691669795275;1
105,71682555601;341,301395931522;-472,351805398142;1
-129,197425581515;-578,892752785976;73,3090427532221;1
-558,598555438221;157,377391354821;58,8192656815667;1
-320,606566406786;43,0799178033126;-19,6126660921846;1
-351,104515045881;-351,032585232902;335,495057595077;1
-137,52862829715;582,913135288908;-7,44064443362292;1
529,343084804714;145,652298671933;-68,5510421391868;1
-485,533940792084;185,813570240282;15,0089005852048;1
-88,6748671531677;54,0113152857988;445,491452907839;1
-188,070028927177;344,790776527685;160,546492195939;1
-555,252279248089;213,595078332762;-76,3055390940655;1
-187,332993373275;3,36874503175875;-178,693651681654;1
286,650476418436;336,466885944752;258,054653211215;1
401,804052013904;151,95833512097;36,0580649077894;1
175,420557148755;-281,30565271756;-248,390372693538;1
109,05565302819;409,871604374499;-271,862821836217;1
-81,9589108228683;104,43050717752;367,539849331266;1
260,317576769739;253,592318367579;33,6423863616624;1
-155,704140476882;252,57138233786;-412,600938245614;1
312,790478859097;343,226129631634;153,610208141691;1
575,022936332971;34,0361800980203;-38,5267202352138;1
-1,34791368618608;-396,547598339912;16,3750873114966;1
-329,525200556964;240,479050776;-203,541976788108;1
-265,907172672451;-225,332415919192;-11,8183624739931;1
240,336479432881;115,696207127196;-169,869070530045;1
37,9313394427299;147,228041708423;-562,094427713815;1
195,419509336352;-515,365201503357;171,106132736521;1
-388,190805818886;-200,489639445125;350,771941813624;1
354,645539168268;25,9934281030943;-126,424836426054;1
-531,131574232131;58,6157354172742;147,590537677222;1
-126,714197359979;104,501362159546;-92,0104112610658;1
76,2406080029905;28,888205162698;519,941510734205;1
-509,385452605784;-249,861799052264;84,5746179153887;1
-307,605170086026;-125,880054759844;56,7822749589366;1
-75,574110634625;593,151254689595;-39,2538040347418;1
466,132980119437;57,5555463701186;5,39423578504415;1
-527,234219200909;-194,057744588279;-141,243203286025;1
-497,646495793015;-198,947876650491;-174,300263311885;1
1,87442377209663;-510,597257339782;205,244697446141;1
-590,430938266218;-56,7527839339618;90,2249798640521;1
-51,6905986703932;-61,9834746982115;-211,302086807509;1
575,555712170899;87,8451039527675;-108,759267531335;1
422,610289044678;255,697356297654;123,358405559018;1
-427,887090761214;-120,019345799644;261,841701989774;1
-69,1612461581826;-568,290190681353;76,0436662070275;1
-335,533355735242;77,2582789659316;-225,378965205035;1
-534,007009863853;87,002758551076;-257,902861610756;1
-515,387982968241;-233,921296897978;21,6339648420102;1
-286,412691604346;-355,287897970435;-52,849817568282;1
321,111055556685;209,179760986545;305,910394548507;1
232,339769415557;373,297941953066;206,714667871741;1
252,01168237254;-261,54824318864;-391,121815617645;1
193,151686526835;-5,55960668049977;418,945362559147;1
234,418709110469;-548,545955998786;-23,3011900065624;1
-521,571449562907;211,637869684103;49,3506196589467;1
368,13713349402;-426,386721938126;38,3942369375525;1
499,228945467621;159,229906587403;118,499086358078;1
-321,470705699176;-73,9629091179838;379,420395156557;1
228,087279573083;-291,744734971496;454,161320950398;1
250,354060996324;-357,825595593864;-333,076043357037;1
-585,201019607484;-29,5166428780142;-115,838135237714;1
-235,61817985028;380,847460797895;194,618239586931;1
57,5385952368379;-230,634932170381;-366,694138681503;1
306,916939839721;-362,188590918126;159,495504558844;1
137,388080265373;251,651250473477;-115,294052593913;1
-1,12924603745341;251,246155985767;345,879735336585;1
-478,379196301103;-179,539580508262;23,9613587168473;1
54,9872727133334;70,1379157995249;-297,748812067871;1
390,926285739988;-441,004618503346;92,4945036950089;1
-46,3048467412591;-42,9549919751743;-57,1788536278464;1
-399,919428583235;192,44511157428;350,244680040138;1
-596,408336888999;-62,1734778099387;-3,6339208391346;1
289,664230775088;263,098655815602;446,958845465065;1
7,45196482166648;-18,2874190176855;-192,976344217495;1
-585,128216911107;-0,206438551328489;-47,8995834509352;1
461,029454413801;-246,935396609716;-44,9913309326874;1
131,636176630855;347,714471233656;-1,77823613589186;1
256,785247474909;126,732939492534;149,259688700131;1
560,135416220874;-172,58939771515;-100,901070856146;1
-82,6510545797646;147,183505515463;-298,393081731475;1
85,6874571181834;-493,393500542781;4,86263892482214;1
-560,539150424302;16,0954487643686;80,0205443073871;1
-261,336936894804;-372,322203831452;57,9258411443762;1
396,383191365749;424,419061286278;10,668659327646;1
-538,953131809831;19,381922822905;153,081077203434;1
-148,404967132956;-182,392744410603;160,279404253983;1
-421,790253650397;285,185888882729;265,092276322565;1
-509,435097221285;-152,737098808345;-58,1772611762588;1
161,171118356287;196,328375229633;-439,343379743607;1
537,894205469638;-148,898324151751;-109,571809485748;1
464,590393938124;-247,189572518834;-109,606937936828;1
-91,934303753078;-306,267409844331;-361,340596790125;1
289,527181349695;-507,591924446609;-65,2924472801635;1
294,403125252575;175,612159733971;62,7099542848466;1
156,180997844785;525,291117438981;96,0348070400437;1
-202,073691319674;-463,557272199848;63,0968691158717;1
-190,927909500897;70,4974328168043;-362,768034006729;1
-72,9653972201049;-299,00882331488;-29,7897589700169;1
-478,689190652221;61,9298106903328;107,325299500387;1
68,4053549543023;-564,166104951941;-28,9421595584943;1
-398,562402650714;96,2272699043192;204,969800733063;1
-493,207899760455;-50,565188235369;193,658675551404;1
-229,921714961529;285,012422658746;-138,733053135742;1
226,150954607874;-200,285863238804;-93,8068902312943;1
342,605239525437;-67,6319260040686;137,231939740926;1
-38,3721442893147;24,7135959651844;-501,924569622543;1
-351,713687181473;-104,851944880017;-8,75298674221557;1
453,30607239157;-67,4442912562543;350,47721425487;1
584,242217894644;42,8824763628866;-74,5355674993331;1
-363,905052747577;246,057658321912;-88,0358834181722;1
511,186562106013;284,087187370756;-45,4332431350635;1
75,1299932599068;-325,066837520348;-461,620232560568;1
-134,003334771842;-573,374825127248;-50,969990651974;1
13,4826354682446;542,132562148035;-139,177610737723;1
-504,532769601792;-39,9405321449058;-261,312361684895;1
325,852161739022;297,758515138198;-304,881838652558;1
327,592295128852;-434,644144588611;-140,451153027596;1
-568,908088747412;-76,621847575998;-72,5072601866894;1
429,79263626039;104,50272055133;159,529313125537;1
-240,404986962676;-207,493881966044;196,698527731796;1
-438,667997997254;-264,150359652596;-12,5480078075651;1
300,93966415152;-243,529427747297;278,039967699053;1
-82,7692721039057;442,598526630424;386,109597388013;1
507,343623787165;-60,8200016987756;64,7640946007553;1
50,5637350492179;337,736263928639;372,349281183661;1
258,634242787957;383,731835638082;-53,9484841735172;1
-80,1327587105334;-208,881074071695;165,439120288783;1
384,305624384433;73,4986727311814;427,242313090223;1
-352,526377793401;284,679668304657;-41,1090059219609;1
-517,73920962587;-134,929306442525;7,57518463237716;1
37,9640073515475;437,252363361867;-140,46239601501;1
-553,349535819143;78,7343969765865;-27,4545597380986;1
422,642181068659;293,717998520568;194,47513906802;1
-391,159119922668;-33,5816365054614;23,7667136381864;1
-360,276180692017;-273,238304495101;-308,617300901895;1
366,809721663594;406,651376693939;149,493017823167;1
-593,129113689065;85,6081532677965;27,7425124258185;1
224,090544786304;-288,846128409895;424,396154463441;1
458,124308846891;-234,410476856636;-114,377110980674;1
-76,2984411790967;154,551676126383;58,2039924229217;1
439,862438756973;247,95935053171;75,1667482918647;1
227,292561158538;100,02433120163;22,6735431459241;1
63,9160051010549;404,761160145187;390,189007260473;1
70,6870081834495;-330,904491012871;440,223632861252;1
81,5663865767419;-519,349849212881;274,072705358553;1
-45,2784234657884;259,631861357384;113,258090784406;1
-484,78944087401;-35,6297200663982;238,823171472555;1
587,952577974647;110,966107030079;43,4240405973525;1
494,519636873156;-285,715851328729;177,555948587059;1
359,054477512836;297,276672364258;198,448193201739;1
314,226923324168;-507,038758946081;41,7540744623051;1
468,461593799293;-139,135224561656;-252,625908352195;1
-52,3465801030397;-375,865886788869;-454,932374843463;1
-495,089637581259;166,199082526338;-21,7479854916145;1
-153,663767594844;440,526707364764;-37,0792903999848;1
-49,4631296955049;-178,042645258622;387,766623460014;1
59,9810698069632;150,955511787794;-430,780418703844;1
-141,304545477033;-33,4733179049961;501,719494769475;1
373,334354627877;86,9189637242425;280,147551087303;1
11,139178276062;-86,8131312971116;481,597446730506;1
268,101312406361;63,9819104986715;-414,657109749738;1
-153,796612937003;17,5117011368612;428,627414094277;1
-141,172985639423;153,772092332313;535,247634807374;1
415,254948008806;-18,2538659805331;-384,595697479246;1
-33,7250486947596;-408,116512788833;376,730597204159;1
-339,180662110448;-247,762372209308;135,786432551458;1
9,07945213839412;-304,373006912922;371,540464590924;1
-142,320221476257;102,576452261775;-95,5086483164881;1
-336,115062329918;310,140280833281;-248,146047853931;1
234,162413142622;-356,195651003283;-199,127121567122;1
418,244106788188;265,510357648633;-110,763756478263;1
184,935071971267;335,929882927148;-268,668223262679;1
214,694372098893;294,962735238595;-158,42281740015;1
-167,81571591273;-347,790536142678;-154,499504525315;1
-540,70158675313;-95,8605752600743;-83,7229256668959;1
5,47585543245077;276,869393136391;363,641644973401;1
484,617922827601;45,2799358931391;-158,634453653943;1
-135,327647812665;-378,606211168058;-423,16769863984;1
-568,131830077618;-177,171887612805;-44,4422716396732;1
327,303291577846;360,092230275209;-157,126132613002;1
-251,112838927656;-308,853716576016;83,6900629107407;1
-310,954127088189;-156,285295550029;320,283694255442;1
564,176142029464;182,695249265839;31,0633674958038;1
251,845970191061;456,898140123908;-287,941440071698;1
-336,737810075283;-295,754207447195;23,011414755259;1
-426,806037593633;68,9060864399592;-404,762529891698;1
248,424093704671;-261,283433353857;-151,553304090682;1
-134,201822429895;-204,721742151179;286,277048310117;1
23,4826108440757;575,682953474729;-112,716775532467;1
430,117674451321;-140,290816646343;22,6344334862535;1
153,162983525544;95,1165450897042;94,6696401900758;1
-521,494654845446;92,4898525199088;78,8440124655482;1
155,115500092506;210,077730422213;-49,3486904156625;1
-105,052993074059;-358,185034201241;-152,356758239517;1
369,914898555726;299,823484828272;133,284505721926;1
-332,81878028065;458,112753003397;-165,023755263103;1
-417,800635099411;81,3444558855252;177,064982664926;1
-488,221704494208;-210,736024736477;-174,732285110902;1
-97,0299440436065;-169,30994078769;-196,140853156145;1
-496,636752784252;-328,542262538953;-24,6907521855435;1
429,291281662881;271,720102768664;-223,612906503514;1
-297,730916831642;176,541053671147;-164,256623050108;1
-466,12187800929;280,393135605296;-127,415296310915;1
-252,567446697503;-295,080438906409;-309,933001092678;1
-502,472784742713;-15,8530649939435;-96,3525686552318;1
239,873547758907;-121,520965240373;13,5675265846545;1
559,354628808796;198,471475579488;28,0205680887329;1
422,508651204407;-75,5530810354713;394,15840041715;1
477,116021420807;-126,931268171429;-175,885084362234;1
-133,842829987407;-496,476553476883;-73,6017283133897;1
-2,65964604914188;-491,840838687035;233,538035656892;1
271,942615695298;-304,503062919421;-420,878639987907;1
595,527393557131;-33,1465175923434;-13,1197055881761;1
391,927126888186;-139,803723979653;171,341371662983;1
-38,6996956542134;-17,7951755488562;-207,112229680916;1
-105,08745778352;-527,096140462408;7,78720386395059;1
-486,499475128949;2,74508441598812;-343,675672645219;1
-391,490666382015;357,887482731729;50,6924010928715;1
154,767536278814;-288,786570114728;147,026073712779;1
-568,011756520718;-148,544067177934;-110,675161041707;1
59,153319709003;382,415510787903;-457,938164053607;1
-217,55686076358;-493,865888634787;-225,748809158285;1
-373,639614600688;73,253025029816;-68,4793582206781;1
211,941801477224;359,16233899261;230,396313247665;1
-222,207799740136;492,840579773189;129,701714193945;1
49,7226051986217;-217,659326441925;512,336629077328;1
446,974524669349;166,022281187243;-118,161466430336;1
41,3622795604169;-110,886055137861;421,974550624665;1
425,82841431722;314,197497189175;-134,260586762511;1
364,420833438635;-337,688065055351;88,6845641561809;1
64,7027743980289;-481,795008410476;-202,949826286663;1
-249,063945561647;392,627737742923;159,940001096632;1
-67,742024268955;9,67594160940428;-181,435521777174;1
-415,550652891397;329,074085880567;253,837882914838;1
-102,702281344682;-307,460813471329;-478,736215387734;1
-168,922619987279;411,895877571611;-379,01155168836;1
-226,820263825357;-25,7848755675402;-293,835491615033;1
-326,801748946309;-175,341352233075;-445,242142845345;1
-321,169438865036;466,835190399323;-136,589917123315;1
62,8044155426323;-51,3457737332081;306,877114026286;1
-266,152356751263;173,836873997373;165,842787695783;1
313,799807243049;-479,09274299968;-16,9002357818802;1
552,993021067232;38,3514801305958;-33,6782787361518;1
-178,105214517564;-547,949741156721;-111,745000619311;1
292,023007571697;474,516664421488;180,421661179226;1
406,104939803481;182,359807182259;172,095443230404;1
53,3752835355699;-422,766078612685;395,478077436957;1
49,8054550029337;577,222528720638;113,589685237262;1
557,94440349564;106,018826015785;-40,1466892079344;1
-57,4383412487805;-153,3641778921;437,707333417331;1
-15,9516826272011;237,070416253522;504,798444417467;1
259,071453195065;-433,572852155444;-158,952306198898;1
-386,870980169624;-169,496089232532;74,4351767557218;1
-82,7168209478259;588,293611658934;-48,9303067522553;1
-354,712834674865;99,6865147002313;-139,543272736589;1
-275,092983059585;-379,682756214288;-62,7872426816868;1
-521,551248896867;-80,0055094685096;277,762712620308;1
-3,71248377487063;420,86741397138;-199,994775969058;1
-583,772485423833;83,7967136705498;44,9910465622615;1
-389,459759183228;45,7598693673393;-181,554693866826;1
58,4551876410842;565,006771010525;118,944128072791;1
-107,429418805987;104,460882027405;114,553897196129;1
-446,178643684834;-132,649630411516;-324,43040598208;1
-139,822219870985;403,863838820229;-30,0891685973157;1
-242,02265124768;-88,0689317768602;346,189662648955;1
-360,039676073939;-113,042694323317;-277,47385542846;1
221,238473709673;77,3777877634762;-251,253935782458;1
-58,7252109311521;-2,52952772902324;-445,304610313897;1
20,7124217413366;146,106785350617;183,927645323322;1
414,89751348272;195,08851381486;-213,029258867681;1
-83,5872190073133;-47,8111339941969;175,953778262548;1
-120,927892159671;-40,7974045012604;-200,209171080641;1
501,584517862648;-157,080332023857;281,529145998834;1
248,898684047163;-42,0388000933481;74,0483633394682;1
-440,793288778514;363,638138405967;-165,522322013831;1
494,402061402798;253,340395324938;191,590610457543;1
2,77411099523306;109,540421350902;363,018561651724;1
85,2945696562529;461,895133034184;68,7179222945306;1
399,322764761746;262,717016380656;50,6067778164462;1
-282,718524243683;472,069085019741;128,806229920316;1
336,481055058539;-31,4885211212857;368,042010766902;1
301,494386605918;16,537591028826;-19,8803523534007;1
126,787484250963;-548,221629229156;192,063374145463;1
11,6320135071874;-140,580308315239;-510,308435892448;1
-288,489353097975;115,082162741331;-384,76619903483;1
-552,677309140563;162,990822305935;164,969298597995;1
358,636044804007;7,26860157939353;-293,705967375764;1
-367,174550984055;242,727589643666;-133,427645884242;1
532,507394906133;-231,071006155354;115,050291551325;1
-310,9300006181;238,119462910339;-279,276031522488;1
-28,7869401276112;349,952715727452;-144,580863622528;1
-265,307605918497;241,92746517278;214,861142319797;1
282,042099628597;-305,198430410793;-417,544254104591;1
-297,066309861839;74,0403758686609;273,951737743465;1
465,693772304803;57,3482424027409;48,2516899281081;1
-554,286747425795;183,18279098563;32,460708401102;1
-486,190773826092;-115,918597434538;86,8590420849312;1
-497,6467480883;243,710251075865;-128,610839387069;1
193,609346821904;-522,203629215777;-141,017428846081;1
-111,377704516053;-3,91662764319858;-414,743819870953;1
226,723897643387;273,070433233057;-371,630016530635;1
-251,311905775219;368,291677789009;-8,0580145323454;1
-461,377051379532;207,427064692572;306,509266355068;1
-0,0655386596918106;206,554570306918;-468,930416183477;1
-250,826117768884;372,217579865067;-72,348616647253;1
-51,2683927081525;-512,482825660728;221,012224237206;1
271,351992152631;-420,798164154038;-14,9146012615192;1
-471,429284568876;9,06130763921107;180,731056113747;1
-544,702241756022;-119,206984697514;7,91294591846011;1
571,736242901534;-76,8678716122865;-130,319199724827;1
-174,821236543357;40,0066132447848;-1,12721957724023;1
-243,869223631918;-7,20925614873101;-185,992951912412;1
36,8839890696108;-596,318838663991;-28,5001795096786;1
-137,173199560493;-66,905231567739;-284,18733626688;1
-322,244909126312;-413,299588845529;145,35249535781;1
264,993112161756;-59,2263209499951;236,940562275914;1
-574,690387956798;-155,347423409008;5,84929476350568;1
321,602482907474;-465,579043009476;-27,5055176276846;1
318,931241333485;-104,173932273248;-37,1019988845446;1
13,0677214823663;245,744009444876;-446,170809346111;1
423,024623561651;116,559409756389;291,39957929074;1
466,07998162508;-318,007534670941;-23,5971126860139;1
550,206602644175;-141,290022934459;-6,38454015681577;1
260,138260480016;-232,999236261364;387,248972797103;1
139,343489427119;521,158201745041;-157,159270461372;1
190,274403523654;-530,804274886075;-33,0600230719442;1
75,6569853052497;237,286620807375;-433,317110055336;1
551,91609095782;-115,589568707409;175,823712773067;1
343,466310761869;-139,09732119604;230,272321666814;1
-272,281299065799;-257,149667142336;-182,343630078497;1
475,481488835067;-176,604574785596;-146,346658979322;1
13,0084834992886;534,617096824897;118,813237582422;1
49,7836441732943;426,806762591176;282,660032616836;1
371,909832302481;-202,253938670377;368,25823619116;1
510,175319574773;-159,334808105637;-174,530540493617;1
37,6775496639311;346,443784840419;224,586116874888;1
254,90382257849;-408,839066833144;-168,823495809736;1
-131,970788352191;253,181555385923;513,85740535936;1
564,719270635396;-13,5936581817397;-172,160954630379;1
-15,6486729159951;-572,433169302124;72,0663803453328;1
-87,122296448797;-171,779568096198;186,146483287344;1
494,143548142165;124,052936673297;147,385567905052;1
12,7165786921978;182,560240350946;181,967909147805;1
-484,168155491352;218,971451523787;-135,609119950179;1
340,802776347846;243,929889042025;216,576318383545;1
301,821606047451;-172,710805305117;-141,364151184902;1
-203,205911815166;177,150255901314;-328,037181781061;1
-267,675740271807;384,025716265691;216,033444383217;1
40,0068330578506;-212,328202225805;295,135950901722;1
335,446997825056;284,400430597252;71,3569616880828;1
87,8226826898754;179,345937083665;283,189265437964;1
-501,456234231591;-248,280082703094;19,0983741752863;1
-73,7965313717723;223,350958293212;-324,570854273439;1
490,927361603826;332,992656164196;63,052300612285;1
-587,697279732674;-48,3886694894785;-31,8943253748409;1
167,748677171767;-575,768051160988;-10,7586308778872;1
-488,431849423796;231,370906424664;172,225682131862;1
-232,578377891332;20,3527011847309;-401,937674676338;1
-145,497735310346;-91,6517563054236;281,35194789878;1
79,4459757395089;-246,711028135671;442,961531373786;1
-540,071945730597;137,569051563181;-88,3963878619778;1
232,158402912319;348,269687967515;-173,348992204388;1
-345,758360624313;-103,943912103066;-150,593745351692;1
420,278680231422;-97,6286282166921;201,368923861876;1
-397,516736760736;199,471457529622;95,8417659005106;1
224,384601507336;-175,179227203726;-249,884633313993;1
527,96458080411;61,0130981978425;219,047724476767;1
-293,530357629061;43,2776040457724;-483,972036534145;1
-4,77853389456868;547,782588391254;-180,095544936025;1
-521,357664372772;-264,438074794263;127,559111409564;1
-392,902482580394;411,955910151192;148,833663181805;1
-426,160974148661;151,90782537914;372,1618698555;1
285,361901018769;-312,633379667404;-335,098977523877;1
310,44957479462;-400,098999478135;285,512185127528;1
-318,160455767065;457,347371431361;35,6408887283537;1
124,190834350884;-313,286595119937;331,643419916099;1
303,322487790138;458,830288412871;126,413000091982;1
-259,632431901991;309,68194938623;114,383238239058;1
-526,784697733819;-47,482509078581;95,9477176555006;1
150,919665489346;-337,531723074068;-193,675865357133;1
-408,355070091784;-318,77269883574;3,17873098639257;1
359,987905249;-369,579221815271;-284,024237775817;1
461,568325851113;-370,160516948842;71,1294867273475;1
504,953977279365;-151,906918918854;154,849040680759;1
379,772615153342;-371,18164741143;-155,374294283538;1
262,520159874111;81,5517113035079;326,102886620018;1
50,7112188264728;-197,645255389293;311,639657535608;1
539,532386697829;-225,346797554511;130,212814621588;1
3,13006192445755;163,337260826893;-37,4334536618682;1
-482,373572699726;131,270672032387;304,811992468489;1
-291,921645496041;-72,2286766460332;164,173344478287;1
67,2686588019133;133,372644353186;565,216549331019;1
466,783686261624;-324,071891044015;125,646362214494;1
-371,622546203434;13,9702904363792;211,146327402444;1
457,489065919071;5,74155746373577;101,431732492026;1
325,352101586759;83,5702292980617;-276,961546603473;1
-307,769046071917;-487,81379709047;154,106289803774;1
-382,221436779946;380,137241021887;-92,1412203333044;1
244,805978424847;514,207752221971;-5,81045864927421;1
463,508325722069;-201,823365064939;-138,388615409793;1
-205,828153062612;294,944447253848;355,088626291972;1
457,811743207276;-173,274271693771;-22,6944025871942;1
-450,376287661493;4,30103910714905;-341,828400095003;1
-568,841319344938;-29,780325653855;64,9689520980701;1
-394,664707873017;-211,184834489486;7,63530669236224;1
341,890410427004;-206,301606552701;132,911078271234;1
425,497581716627;-390,758247099753;-59,9847398011289;1
364,819407463074;-36,8490229287581;-243,702123525191;1
-391,794442757964;-296,919447110684;-130,800529909081;1
-84,957189951092;-137,139622013768;-502,652782846889;1
-118,375013116747;-391,875651516695;332,331203711377;1
-50,1198001205921;-565,793693446598;-122,753777754199;1
472,826792020351;-60,8466286062637;220,24024110795;1
428,099908400327;234,780688074827;-135,524234924246;1
-2,22483621910214;560,374733313723;-142,713892119668;1
-298,903864435852;232,705558851959;-12,8740609726241;1
293,448824062943;509,207444497538;13,622617438496;1
-82,8626495786011;-252,919247178353;7,47113712859971;1
141,607520263642;-246,764957126656;422,051804071718;1
28,6346431821585;-268,552626055178;-264,731573812897;1
-277,746119443327;326,984031416595;-84,7082250692895;1
329,161448590457;-281,257027544209;234,162737407374;1
384,344261605293;354,580326053858;114,831573921881;1
-65,0074579752982;-573,13233587767;-144,6214442135;1
582,433100044727;102,698334399181;-40,5654092269521;1
259,569033421576;529,894830288373;-84,1300514085904;1
-11,7184082977474;-25,610744044708;-459,801009330754;1
319,959572609514;-232,56987676051;-153,76367970172;1
598,426434863359;-9,86514440287322;-27,069909106439;1
-252,122719120234;-146,003447835132;54,1789631368479;1
-585,024141892791;-122,795900147953;-4,37573268274127;1
40,7112979330122;341,005430339903;-320,097227511692;1
-62,3677326366305;-202,405041420745;-108,886660323683;1
58,287809137255;-4,62494431585549;319,404237688482;1
565,403847768903;-129,318940355568;135,183915606864;1
-517,388465814292;-100,68953412452;-121,370269548134;1
-67,9995107464492;-415,782223617686;-217,689975818911;1
-3,38717373088002;36,3615330777279;-254,532531891608;1
-139,084682241082;210,815331488334;-72,0955388307763;1
296,077101118863;-146,506063576316;95,8934311584454;1
-321,15427069366;505,247091756772;-17,7741914844303;1
-321,314705349505;-219,23561195577;-185,307924423416;1
117,02675409615;537,713141786667;191,218921391466;1
33,0287422053516;160,800157627074;74,361657106871;1
360,021981876343;-188,099371218952;-191,775657558486;1
-33,9059838093817;-217,705243284438;-303,936595776733;1
308,140966203064;-420,82513966959;262,262484474327;1
-315,629989653826;-266,056880701493;-428,873865974889;1
2,74217566475272;427,852785785487;168,3236489007;1
-116,660949401557;-559,412753625713;54,6553804883278;1
-96,7464404180646;-158,216907829538;-306,153391065765;1
-482,653502002358;-45,7385662145102;217,294782830597;1
529,697271902114;97,6509908627283;232,116000025672;1
508,040948398411;182,084282582222;127,27891147914;1
-36,4696727134287;417,105209626241;5,41718835926156;1
347,87069298327;134,612211703903;208,5998864748;1
-499,540216382593;-125,261188472945;-33,9253522498023;1
67,7062271162868;259,983240422969;-380,727972954441;1
-424,433157127351;-385,945700772701;168,055739485362;1
189,030049089342;-335,367945710222;230,396002326043;1
76,505028270185;28,0897611071176;-235,995154225276;1
-452,839180827141;354,154815536457;-169,915855780297;1
-293,236088566482;127,842806857235;-0,753515394002477;1
-169,686952326447;-22,9411635044797;-444,372631217117;1
-358,329437021166;266,262176340453;-142,455277614957;1
-191,587594058365;-88,3392706580688;371,730899399031;1
49,5550503954291;-200,539457830254;337,121717378619;1
-482,416700106114;354,723630943898;21,503732370345;1
-458,75727860257;6,5340152603539;-74,6556266630838;1
135,453913360834;145,995572391675;196,926530000158;1
-425,895617622882;60,1837153018757;311,290004818385;1
457,564719859511;46,7679537633579;-57,0762791851965;1
-419,306678976864;391,503080094287;166,724734349861;1
-235,144028719515;-61,9558998265897;448,690217316222;1
-265,835666656494;-246,98837141351;459,530425031036;1
300,873675104231;-465,129475510427;119,735057956099;1
562,270735111088;45,8595327273034;-25,51243971057;1
-566,034084744751;-105,119200067966;-59,7983996803397;1
-109,024645294994;-77,3737705274391;-381,173054814877;1
543,904081452638;-44,7125712705875;-33,3200320790089;1
-145,228530652821;-311,475700242487;-394,49006604446;1
-498,691381048411;-71,9317209961108;-56,9293572462705;1
325,651648454368;139,615329033909;193,020864389387;1
585,310528613627;14,8123982085657;64,585604207323;1
50,7702807895839;556,335576518594;169,279348361787;1
-439,369869511575;-94,2560717829256;152,502354861634;1
-267,700845189393;23,3852886059677;-185,36318266091;1
-313,473253604025;502,700390404914;-44,7563395901059;1
-311,640927102417;-432,013844394778;195,711392613207;1
-182,862854003906;290,339766315219;-12,492941364047;1
-259,465522505343;-72,4393869053958;-270,3588839394;1
-591,824781708419;-10,8648182586822;-43,2649064419281;1
-164,509751927108;-32,0457317564727;-429,498233357545;1
-312,932348996401;-334,877989331142;-284,980466744197;1
30,0199904479086;409,278316354971;137,795214158241;1
76,9656898453832;-15,2187706699958;453,38125016511;1
-303,942748624831;458,148336644155;-120,338136978609;1
2,38774912431836;-115,641146575776;121,682832368466;1
-489,436529204249;253,757351975472;2,0486017639264;1
527,955423016101;83,976250611335;26,4234705150148;1
-93,0308209732175;-565,203290237167;26,981280148852;1
-55,2086963318288;-6,2980245847416;199,48131824695;1
-277,885099779814;440,879203784108;-85,5967874289306;1
56,1695108190179;488,633289201577;75,5661650469825;1
477,538840938359;272,37937672871;170,099958029868;1
-590,713642258197;28,3149221177145;-16,5462975643592;1
-315,987541805953;-192,513673786108;-439,59097904679;1
484,015955775976;305,662448402396;29,8382354643694;1
-281,427639070898;-161,239965593399;-329,587831935111;1
543,081642407924;-33,4137805032994;108,48552263077;1
431,122885644436;256,944647136496;-259,74225973242;1
-529,868308268487;-237,000416658759;-136,56224215756;1
-471,113693341613;-166,926964117379;163,425301249091;1
378,671059012413;27,3414494942812;-269,484309384203;1
338,231181073934;175,756241332465;15,2192662534056;1
150,043506827205;190,597711995021;542,095867423669;1
-373,428324703127;-62,3124402809792;-136,85360011696;1
186,487287003547;483,782120389236;-81,0640316194319;1
-327,770189847797;-226,821030607903;-277,445844983245;1
-377,553120721132;396,615315723069;-124,301060705092;1
185,817358642817;102,505809819421;375,987860234667;1
-355,665010493249;48,3745464210561;355,984977405251;1
-313,225707784295;295,396843172834;204,706061554291;1
-18,7279368750751;531,226128331354;-95,2764462058045;1
46,6032600961626;30,1522368132476;180,143133364647;1
-333,776811137795;217,916070447081;-18,6804993808602;1
-555,68845141679;-139,720524848979;127,86267946379;1
525,823746342212;234,299043505173;-113,002459591695;1
-164,421249646693;88,9768589758022;429,027962136789;1
-315,280362591147;149,425633032122;231,921778674747;1
-97,589133772999;-576,679481060415;79,6451781301177;1
401,726247277111;218,170884558992;-72,0667912505896;1
-103,207615111023;125,503208349044;-336,503917118283;1
42,4256977625191;-325,898286405842;439,636356133252;1
-114,289774373174;-331,499354563581;417,761478033798;1
461,786863580346;-16,6164847551552;-371,292483621583;1
120,854626223445;311,360236466646;337,793255019383;1
39,8079732432961;-452,584321565071;-196,888877038056;1
-290,264735743403;-337,640939608645;131,078061656257;1
264,779913146049;-84,4004487372157;-0,0473629842165337;1
229,914875328541;-311,668233611953;-194,064961353142;1
214,906283374876;514,229911925162;13,0930567846049;1
415,661768428981;-374,771380732625;25,1597756754113;1
494,911798182875;-90,7315663579836;326,016091457961;1
-16,0184665583074;-91,0441886654778;470,34593401795;1
131,479084119201;-528,898728057996;-235,26254381737;1
-402,876989264041;16,2215332958852;257,645497852775;1
583,542115800083;-120,204661443263;-26,9443276506985;1
-352,162462938577;43,1962429537166;-233,144742396612;1
-186,26146260649;-102,155140538617;-514,587303126386;1
86,8122576735914;473,122389296537;51,2396622552443;1
-87,6497006043792;383,55606243284;-176,226667304826;1
-354,997119773179;344,864561616541;-271,292888386588;1
-27,4826807901263;464,491034971116;103,884131871304;1
416,02849541232;290,104081014313;-159,484706775956;1
331,878820527345;32,0038241662841;69,3767298895828;1
55,3882305510342;-70,6218375554164;-118,853175433436;1
212,661248166114;-300,142381741597;-348,645751613413;1
433,158164843917;241,674824321304;-327,351501504577;1
134,535233303905;211,905868169134;-532,161068333677;1
195,810075011104;56,6753242958935;-34,1278336198129;1
-174,504390545189;-206,860710449297;-29,4417503503226;1
506,322789285332;-107,627206113875;-19,3269623728149;1
466,315649729222;-351,822626539195;99,5194173584852;1
333,656753785908;-397,023981904846;-70,8256574097505;1
406,738322786987;246,438266661518;-233,030406296065;1
447,955432254821;80,1701877599834;259,597974225816;1
-267,666665185243;194,264803926911;-485,83777093336;1
-271,299824863672;10,2196640908264;-247,85058324207;1
373,95143955946;-272,164539994843;-27,2419426168287;1
-138,488319329917;317,410408499305;426,247550623862;1
-324,970828648657;455,14229531478;-42,3663301242397;1
394,275631383061;-133,480639407191;140,760923069573;1
-6,49852054193616;295,118829747591;-241,310357102475;1
-54,5431262813509;556,561607491867;95,2468857933914;1
157,282941788435;-81,753971478535;-288,593826021928;1
437,296289484948;203,602783687296;292,141608020025;1
576,468947622925;-63,6915993945321;126,163889907951;1
535,68050544709;-255,082119577641;48,7509461705534;1
-251,029687654227;0,0244211026155199;-481,026937499649;1
61,5255357697606;-572,062466573523;-156,867014717496;1
514,36576154083;-302,511083160361;-57,5764704922434;1
89,1335089690983;347,641138355818;323,775865989774;1
28,5561880096793;-220,108152896786;274,289277657072;1
-75,648246333003;-69,7938303894894;-320,175078367575;1
84,741151984781;352,901557537092;-92,1082130603667;1
325,070923939347;297,293009002696;-274,727554565123;1
366,599585395306;406,978305390774;241,546373351206;1
-549,815822113305;-229,534387682337;-66,8280343833179;1
-407,247231435031;-127,925349961829;145,344081501427;1
360,283858515322;215,263933664989;44,9837261236847;1
3,94697058945894;590,565240171512;-87,5872759029268;1
572,033830359578;-77,8181993449862;126,060028124406;1
428,55258481577;-28,8459676771778;202,78133911576;1
-20,120773371309;-372,671228944911;-247,638291380122;1
-472,808784339577;-342,760698666932;-94,5447684284546;1
41,6384498588741;541,171721495536;216,50017750036;1
141,130809299648;-559,276560356375;-62,4100351845585;1
49,5259805582464;-210,44298408863;394,78523018041;1
318,86812755838;408,823270917196;-116,898997180494;1
-203,273382503539;-151,430060716236;-421,688057960819;1
478,229366242886;-134,414965079362;723,031839377006;2
863,309443416074;-217,069674584511;804,030768078675;2
959,350646985695;-60,7127278177504;651,421665458717;2
864,128309115767;-27,5023258910104;501,976878430581;2
773,254820564762;146,068068830494;809,537418178201;2
557,773332158104;255,187442283993;728,184937570405;2
421,486960723996;-19,3257161997085;714,005850085499;2
407,863529399037;49,0796961274443;665,187298178934;2
620,78190529719;205,536292605736;774,391976370801;2
873,468359932303;-78,0666338992415;676,852367265605;2
420,732974028215;-36,6777600126629;743,462146408288;2
461,900193151087;101,757060293865;634,642072724305;2
632,240119064227;-72,8874982603756;658,628017286886;2
916,791991284117;61,1369696997438;692,278364253158;2
659,360909368843;-266,827524740534;573,855757386845;2
753,979358077049;89,5394627790187;684,003788849815;2
538,284550514072;203,378807970284;675,025909590627;2
499,936566920951;-120,988835381886;753,82252062473;2
691,503480449319;-196,474367515367;722,81578708779;2
579,701032070443;-259,655358321451;623,542744415291;2
569,73609640263;60,6423370879927;482,033856516695;2
543,972185207531;239,522410831081;733,129815005718;2
851,309799356386;-175,211490335556;511,73035130679;2
465,309470659122;125,919945165149;832,911800830397;2
495,73713815771;206,761707095737;638,818396959271;2
408,193049393594;-68,2512223848995;692,426530016947;2
528,959370730445;8,89120577442151;618,819556718471;2
913,237820006907;-138,780144221809;784,858845594638;2
931,431445199996;-15,0466758923893;731,577747464662;2
743,504780065268;281,097890727644;668,275391744201;2
917,587200598791;-30,709028476535;852,860814064923;2
925,703123630956;195,471729365487;710,86217092193;2
522,109620086849;211,466295428286;802,081091045809;2
798,126998543739;-86,7237310975384;774,438144712688;2
816,520693060011;-139,376593050742;681,781102084555;2
625,510581675917;100,008269121724;687,859966723665;2
843,205305049196;134,491782480332;507,518402984961;2
846,155658690259;-177,977712855931;541,55787062;2
815,669511631131;227,606961443016;641,363088046782;2
674,06028858386;-250,830510445571;789,561136469506;2
974,853225843981;-69,2845642813358;755,290018277105;2
581,798973679543;168,781573346782;689,030130988691;2
437,485309597105;110,944569799469;752,722774084496;2
988,39017841965;9,38282003835033;653,408658499479;2
820,943892654032;-115,182139581343;680,559216102371;2
640,355227375403;7,55545151593816;648,319512167454;2
763,037862582132;140,845709417471;900,688848729748;2
526,656274357811;-242,699967201384;694,368912552334;2
640,222116746008;185,757810446721;518,602781799238;2
920,613170322031;125,601526379604;723,387605738431;2
974,081497173756;-12,3747443702631;668,695973465042;2
419,819315429777;-58,3957436558924;675,01109797649;2
620,701182540506;-115,068168012481;788,910044330213;2
898,179478384554;130,105276675818;584,821384049272;2
649,538131058216;10,0387723140801;572,419233313893;2
836,556554259732;52,094679727117;922,187195297104;2
526,530722109601;-188,957569019878;778,596641289053;2
843,986889859661;-183,15303401367;667,89272133548;2
664,169693412259;-58,9322451088583;540,278371882591;2
854,820280941203;-87,3692199740841;624,291776399353;2
657,574814930558;95,8464024802375;853,212385187068;2
804,438385134563;170,518879989642;736,315834470488;2
982,09306509234;-28,0237394278575;637,265259152538;2
614,232865767553;245,666096597895;613,8315604339;2
483,196853660047;33,3639246234229;747,895642700772;2
893,302144482732;65,7531596034512;547,108831474853;2
881,817911751568;4,13058034499392;651,097472182491;2
583,936032652855;-67,7718807773733;865,042388054576;2
777,899451181293;33,3769375304177;435,364719663333;2
596,557179326192;-8,13538879515397;619,565289672317;2
703,466479387134;111,299562339588;635,395411926863;2
612,550847185776;-278,804095408711;714,85979496745;2
672,554593533278;-117,884064834147;432,973764548935;2
997,664516232908;35,1984575091186;698,685001512081;2
928,85511778295;-151,982645218574;797,678726281191;2
690,837486973032;263,028862486076;841,864623903637;2
875,887375511229;170,093371615923;615,426896857977;2
412,203840212896;-36,8897141883319;678,100852286629;2
706,091939285398;-239,901928060367;821,148056424126;2
911,482124496251;119,988491633675;574,315027697901;2
642,314050346613;195,460934961121;529,660589398311;2
574,205908179283;14,1482492221256;831,973613949305;2
850,786444079131;62,555822729817;949,613769451956;2
413,101726444438;41,0956961289235;689,616673198587;2
429,59554749541;-97,9423218117186;699,519271886132;2
719,784961640835;221,786440120042;900,841490884711;2
640,732622565702;-33,5834982897302;717,216639483864;2
624,476170446724;-61,1130295297595;943,772027020313;2
534,856596868485;-165,887221867712;799,318500224854;2
600,231513008475;81,9182545167512;497,882469495644;2
815,73853562586;-138,091621206645;761,458073620557;2
696,218897635117;-202,572466045247;787,009841766034;2
621,969431545585;-244,257503198565;722,794348053986;2
721,262519620359;26,8111926747345;666,012091795471;2
574,833253398538;-64,1096144414594;655,323375401479;2
991,712971730158;28,5776447226919;673,831916701686;2
958,170180534944;-15,4719151628942;727,254614512981;2
921,090887533501;-112,292888388243;610,761295328061;2
601,294499961659;51,6162473701837;613,370566485921;2
529,155135247856;-15,0650307008248;638,057176854121;2
846,598435519263;33,7952615747704;752,400704495538;2
734,60140209645;26,5799794678778;766,14710653636;2
519,537788024172;-229,886874257332;639,14246189094;2
626,298744883388;-257,469537445667;602,393659790509;2
863,71900094673;186,446642209744;598,972417970235;2
592,123910412192;225,330096123488;732,895671869659;2
759,77450562641;79,084878956429;753,494227044703;2
459,536782139912;0,537046143477681;545,433258177425;2
653,296649642289;-181,677979237526;622,230529127988;2
844,292387599126;-27,3039562823947;644,793076240464;2
976,217825524509;-37,4292530741118;595,200997913841;2
766,175374900922;-167,961741530539;635,932043927348;2
520,575638208538;6,75176821597648;496,206455486584;2
478,488050214946;-145,029157399261;798,89906322659;2
663,685054285452;-106,876950118292;895,157362934767;2
567,04620802775;4,37340283471059;741,626439450038;2
628,715599467978;252,645311365566;605,065744602623;2
875,840403465554;151,346432313941;578,58442173436;2
901,666780514643;10,7629808028869;599,618743405546;2
553,537776414305;-152,232568172597;540,944027145685;2
584,242797875777;168,219072883425;521,992103888769;2
622,235495084897;-55,1049643868014;582,345109120317;2
539,647556934506;-110,883080811713;606,180317856095;2
695,679604727775;256,421099941646;594,875806859812;2
644,405409647152;127,33789315241;440,025484924838;2
894,904701644555;200,951100112004;606,805425704324;2
581,463227886707;160,305817583033;575,549063046239;2
850,484145991504;-242,409499694395;710,356216173137;2
717,204094445333;-238,918138252335;805,935260213521;2
924,576166411862;-9,35668688844987;589,794196217334;2
429,345177253708;-81,0590962388309;706,342613488424;2
504,611737001687;-207,188306048243;687,540043588812;2
430,603338358924;128,479646162071;688,45418611904;2
759,477704111487;230,838685641693;758,263131428249;2
769,91137242876;-107,509709276888;527,154304846962;2
685,762697644532;-276,871328671888;683,708799836355;2
766,907062660903;240,524497446719;674,308537314924;2
610,448345122859;272,546431286928;654,894392361447;2
653,732182411477;183,74289690742;920,580118646032;2
859,874334419146;-246,82904441351;733,159280864332;2
707,451182510704;295,822894283114;688,19213103994;2
440,407852223143;40,3445588442574;701,951635131363;2
604,877755604684;60,6875845354658;767,752129782144;2
416,458558104932;93,1938551852736;681,11843455401;2
625,461357552558;214,289717687915;711,068993339077;2
962,832616409287;-127,198369524091;693,282001692436;2
776,793849654496;-158,161378448011;496,461154920613;2
468,698699073866;-109,097237616007;666,496611246752;2
946,401732414961;40,9030281614979;591,052616778309;2
409,289921727031;10,6757733766983;646,309731482491;2
523,578302329406;-222,552455192785;774,671845021801;2
901,85517789796;60,9915926244159;813,444395981273;2
534,175465116277;-39,7948636394891;794,728923618916;2
778,425515210256;244,780895006334;701,818222774094;2
662,822729954496;110,295638332949;747,363976110603;2
490,325084934011;132,664206833944;601,899026118506;2
650,91094779782;211,486632097234;601,92675596293;2
440,193527098745;-59,9783226899038;674,278520231647;2
801,099312631413;273,524212489145;663,337649942131;2
636,321837687865;-273,876498956023;759,144849178997;2
475,535035738721;-136,980170965665;718,459862405417;2
467,267822287977;16,7544252889401;694,803719565477;2
480,856972327456;-4,72551215734421;685,288453835921;2
546,432546898723;-7,23102256777767;519,126916142311;2
696,717388136312;-224,461018818811;762,841230900883;2
861,435951571912;6,54617376129596;521,189137189541;2
439,330272236839;20,3873648565039;808,117068249115;2
672,725636186078;148,784386389533;803,442217446226;2
603,999392222613;-81,8041246526237;471,659557172078;2
669,439006596804;-254,129923437852;735,271390830483;2
651,148265320808;201,345563544971;881,181327244236;2
865,607744082808;97,5919687430907;635,511055407316;2
736,92475403659;-95,7067766155915;487,741046833786;2
509,031724510714;-158,378542731736;701,439582730331;2
535,575137194246;51,2333528099606;505,391698801801;2
460,379116749391;-66,7149305035791;693,253436845635;2
805,172109976411;-100,685245435029;862,228741653662;2
535,040107741952;-81,9805140527831;541,234066000382;2
723,766461620107;153,504150310612;868,960777859639;2
549,336599884555;-177,613221829239;551,810002453645;2
723,034916073084;-177,511183942655;723,325912777499;2
705,582360224798;-34,5079330725735;428,148254934348;2
583,004920836538;207,517875913353;853,72300575765;2
969,509268598631;66,2091277018378;767,726222762946;2
665,966127486899;144,431537838054;868,258261321107;2
467,975139524788;-85,4985884929174;734,093934629159;2
705,814839713275;173,251071110364;820,385472620794;2
518,245283607394;89,8879746692686;836,380627445753;2
634,397393092513;223,893688413656;840,193530350404;2
698,491357732564;-144,404887729612;839,802644338979;2
845,021586352959;-5,63140210495555;485,086481070452;2
823,9581217058;266,290546056111;703,801788071359;2
790,668479911983;63,318567267596;909,923446976464;2
533,036430971697;101,453661764517;565,738425655276;2
497,244654176757;143,144262687025;688,691952382518;2
790,05808038637;-44,4582844787224;700,103612746703;2
536,265554418787;-70,4777279365664;645,207339525145;2
949,36816575937;100,4317740979;749,448775339795;2
986,871795263141;74,8531647531018;683,311034704185;2
432,738461112604;56,6565394046302;781,383446641861;2
791,340122371912;199,735325854139;637,769376620457;2
791,416085744277;226,884674857196;727,332572419839;2
503,450242849067;190,541541081244;800,044595880206;2
549,245395697653;132,301117139716;762,228524559839;2
998,185905814171;-12,5229875346694;725,384153214836;2
694,281923770905;-126,280568608228;639,029438402376;2
990,936760557815;39,9951068644053;654,752710258012;2
838,597092265263;-129,148056396647;496,747299590878;2
856,291884277016;-8,38753082237392;619,507159024151;2
983,998175989836;0,336850038997909;791,318407228086;2
431,601204210892;111,927288815528;657,379507836219;2
868,377886805683;57,9436317561025;693,10782322662;2
740,248042019084;-295,988614968837;719,680176727315;2
872,777070151642;166,758575985271;623,642978988069;2
721,005738340318;66,1863465006068;805,104213338638;2
810,10601054877;251,578421138746;646,808911846878;2
472,138189850375;183,908544688692;681,975603256772;2
488,494658470154;86,6184445244689;525,80348085203;2
589,610771788284;-193,65313020786;783,011223038887;2
677,261187648401;-49,0831690291518;875,464292331909;2
835,668812785298;209,169879005913;546,316500381933;2
526,650487910956;-90,984604984137;756,042675195792;2
574,597770953551;-181,036903313809;853,26099725992;2
446,36073266156;-65,7834502382801;673,965878935683;2
463,402056973428;42,4356368912568;862,726117042857;2
657,904656371102;220,861433368786;692,358071595622;2
678,177605429664;244,725755082234;641,917718101254;2
449,750521406531;-107,285341113509;630,647524394204;2
892,313065938652;171,590177474154;675,127891353656;2
598,152252007276;242,697576936958;717,044037156066;2
970,842781895772;-88,7467211460394;732,205620050643;2
943,20068359375;-83,2765499033574;694,296386119861;2
765,510044014081;-119,756263094129;688,339823985242;2
702,917359676212;-194,686711859945;500,141866673837;2
848,561452236027;-120,094925900566;893,710568210434;2
571,991861984134;248,904049269699;637,858312623695;2
696,698777377605;218,576210433503;893,068381794039;2
885,238055838272;-105,416072700414;580,55194589342;2
565,921095525846;-221,701594275847;586,50534595207;2
585,339318867773;87,5066817379545;661,525615165236;2
574,921769229695;256,372113938373;738,238315825907;2
625,015586568043;67,1230746254501;850,901851436951;2
981,687122257426;38,9206924759291;615,897966242976;2
976,283339736983;67,0729797511239;676,234286735085;2
445,664716884494;152,998380738497;686,322074679567;2
406,857053516433;-16,4524029174405;736,385094238356;2
873,462565522641;239,475904610209;685,039117730758;2
962,607214320451;101,484826002572;648,554303956998;2
979,824615037069;79,8152980216883;762,945002577949;2
549,44760967046;190,895600852703;838,716991497098;2
518,55453546159;51,3113286231376;603,584151373525;2
974,33561370708;-119,930487283829;686,050133628189;2
859,422125294805;50,3685744839589;929,029864611809;2
679,027599981055;-194,04459303436;867,460736956888;2
743,773610610515;-157,387927285007;859,283359058513;2
612,878334708512;210,632692936622;776,91542896235;2
696,752440417185;-241,517993947493;597,520235419257;2
447,012245282531;18,2649914267904;804,750340150971;2
832,889842381701;-154,364476784897;501,161699866112;2
507,22997058183;-218,017082481011;730,171813250422;2
865,498465159908;231,400361638545;639,686634944469;2
637,324769701809;-88,4723871162865;768,16600848976;2
644,940172554925;100,748874470494;772,527286442577;2
425,458856858313;23,6609373859189;788,440786101434;2
594,908458692953;147,353206482191;586,398455224265;2
964,539724821225;131,037116374482;692,588380868595;2
473,089789273217;-95,1202131612699;765,669278942571;2
534,051497885957;-214,390748958333;702,475014905429;2
581,359734712169;-57,3309181157576;564,817377067171;2
946,515297004953;49,6843825232136;795,333183933772;2
827,037980221212;243,454439504458;766,8060151872;2
939,183376682922;-28,7106067317424;645,696352026838;2
558,149624429643;257,501595948792;698,051892755382;2
910,811331123114;121,219046761323;720,669442016233;2
424,547498254105;34,477570242316;734,234004176146;2
717,966324044392;-146,34673623433;842,93912453475;2
522,128033312038;132,739935571994;584,12638083309;2
493,192661972716;211,955053268015;726,444096126553;2
605,662818066776;277,141243973955;684,811917608324;2
532,467892346904;155,411328169468;718,967698375182;2
960,166402021423;24,3110922040279;582,966698717425;2
709,080748260021;-194,424777194851;812,141926297193;2
991,163444239646;45,9466673478534;702,193500030803;2
733,613769290969;169,083179435784;736,281530757154;2
402,612498542294;24,6289187718763;715,336491201832;2
933,622629055753;-83,4510488227953;750,611311205144;2
571,439924417064;57,7154995269123;698,331003261236;2
617,785512516275;-244,416677678677;789,440318815277;2
424,111056886613;104,251532652831;659,958049646883;2
672,697069123387;-243,707190192895;827,050984307174;2
542,410569451749;181,096836869596;578,223021934652;2
624,652164150029;13,5707821523348;943,244366382136;2
579,574091359973;63,6967523578074;603,129987176668;2
497,437043581158;40,7686525600289;523,822692465882;2
598,017912870273;-249,329231993394;735,380005653943;2
520,371469995007;70,3184171504423;526,574931591308;2
586,338233714923;-107,26609237839;873,129716109524;2
508,835122920573;116,535515046615;584,735346665971;2
515,693916520104;-119,41474275598;554,080763329459;2
404,751323862001;-52,9962328354303;702,203193720673;2
677,405310422182;-48,6630985184317;436,104163153446;2
426,693944539875;-5,68498170621015;702,478341687371;2
780,966195371002;6,82752271286131;454,635341693215;2
965,424921968952;-63,4387318629905;709,620584832121;2
630,668012099341;-52,5296401406662;435,722290764859;2
864,708636328578;27,6138381326012;530,939935372845;2
456,607625074685;55,2893616117555;593,15082285068;2
932,500390149653;181,868022594835;669,058163664308;2
436,722167488188;-24,7314028637503;633,811345986742;2
608,606538269669;124,459091118611;880,2524353367;2
596,211950248107;233,624314980743;798,55756559045;2
577,405768586323;153,503697776528;714,622120315119;2
604,880898678675;-213,490341160135;553,163439094338;2
415,867491718382;-15,5704870455571;643,735609093517;2
644,89098363556;-192,957075468621;606,335260368185;2
580,350448796526;-247,595041611997;619,459480757568;2
858,680513082072;-123,076270508755;720,33822181386;2
637,74949721992;-162,55861551417;786,124242533137;2
568,563272990286;53,5012399252138;832,646907930162;2
958,34954851307;-123,393374695252;719,6503554301;2
508,134136674926;38,4141159158752;507,343508080157;2
927,537435106933;4,27622264187605;836,693020028306;2
659,071664279327;278,126406860413;664,624561133824;2
931,069809105247;16,5035634126916;566,805118579446;2
471,596554899588;94,4697385804446;671,409697161086;2
573,989738617092;-229,611077125749;714,005028682068;2
999,066478665918;22,9377510157325;697,21325657277;2
846,474355971441;228,802346923901;703,068038134339;2
762,520114518702;173,382308410635;790,355554406621;2
880,278199585155;-165,543369010542;817,387241433022;2
656,49201720953;182,629061050055;780,511062493712;2
889,33264138177;-5,41624430706779;706,208343395267;2
473,501675995067;-83,2697805697524;671,077016111907;2
-829,408194031566;364,656988179387;642,477970851163;3
-984,050251822919;120,824079771227;657,462791286979;3
-1163,33608059213;120,876619692264;683,156702927938;3
-1066,85170037672;217,854889439781;1023,57181798349;3
-1159,24609140493;303,242585249878;905,445613047251;3
-1039,96952469461;-21,4700009992637;859,041792944219;3
-657,375442050397;275,0145174579;741,969083840855;3
-1138,81122604944;119,515359935118;875,966310121532;3
-1001,59419779666;134,974538603557;786,619400719498;3
-1086,32871955633;175,524545771773;944,909179091753;3
-767,38235517405;292,888518497034;837,171341905297;3
-611,546742450446;133,873274778118;759,257387376032;3
-1079,98008001596;85,8738329805692;996,490648915883;3
-850,514945760369;58,7002414319308;977,912995834673;3
-1082,90140237659;93,5711574048993;911,736077717797;3
-983,30573416315;6,39912665611379;789,628650096584;3
-799,950049398467;-56,1287589211767;798,961639253249;3
-1160,86233537644;182,657416277343;825,477716513995;3
-963,113368023187;-2,8939390712502;743,499744511836;3
-927,410434372723;20,5442617306029;654,253932420932;3
-1100,9597087279;-11,5226176502762;770,369395280188;3
-1094,14256829768;161,230985513172;952,819053127566;3
-919,566095620394;225,843753403698;956,61581103555;3
-974,77326868102;448,189054100777;873,400419953747;3
-752,673698728904;-31,2289516501146;838,419219027016;3
-604,044278897345;173,82665577155;783,370738130468;3
-965,191523730755;489,796697769102;839,223207579313;3
-718,3362449985;122,383194670538;714,726246953159;3
-893,550269538537;11,620064252027;648,76910914418;3
-1002,42812926881;205,114693934028;696,732103634321;3
-887,473516864702;453,681595256943;782,498631202143;3
-1120,07232396863;157,186579997964;844,377673853484;3
-1051,81775442325;409,560201038128;754,676037284994;3
-859,699340444058;-86,4431098928592;750,543960337406;3
-617,759545845911;299,407486453262;820,987971162848;3
-943,763280613348;117,125445308245;781,17176101619;3
-1038,65203396417;105,004171741562;1038,82636824634;3
-851,646368717775;88,7538321588477;884,962102703947;3
-725,743403099477;440,950481424557;770,29137505507;3
-790,638426365331;32,117117897931;619,371788426128;3
-955,552522139624;95,6573790516051;755,255414106507;3
-845,795165235177;41,4915061727602;750,517348736874;3
-990,411297557876;169,577586216667;838,415470763902;3
-948,253779206425;-95,2366024063119;783,277389535941;3
-1173,8383162301;79,4034947632537;813,815859490729;3
-655,174882058054;364,347082076326;810,253410009819;3
-970,603545941412;415,799637014225;754,970952423578;3
-1040,83218569867;1,67668463946688;644,37350005909;3
-1197,49624491669;169,680299318209;812,449445663901;3
-1166,66237544268;292,955023627684;768,183865676234;3
-920,743777183816;320,057880627797;620,007754725638;3
-944,960848381743;425,982776346739;897,067587154412;3
-779,674924537539;200,911635364675;858,879390014566;3
-920,004057046026;430,753432593624;788,227495910458;3
-1157,63256889768;343,472246782781;781,41733859665;3
-928,167357249185;47,2234716242185;812,786358519725;3
-768,227889295667;28,264875423237;617,487184911204;3
-826,004223804921;-65,8041175048749;901,122678911857;3
-642,278449237347;80,5340611145398;723,649973631507;3
-1034,37919048592;105,927488656825;889,19543281342;3
-1155,12456628494;321,383385458831;815,452620473967;3
-776,979455910623;174,3372844285;658,931499456995;3
-1174,60064850748;306,971029241094;835,878899451196;3
-760,519640240818;233,553608282016;779,829776986423;3
-837,384272972122;42,1567708184554;766,662067757445;3
-649,539246736094;240,524596861698;687,758776778314;3
-1048,25535085984;389,887983054154;978,622053254173;3
-790,599964046851;106,947882270837;1047,19042033637;3
-859,196054935455;341,449321323761;1007,73374821188;3
-774,959423951805;88,3168829193351;966,286680621329;3
-977,89496043697;331,929886846743;902,198075574181;3
-889,39811415039;317,170567956152;598,351989438091;3
-819,241624558344;20,6767699613961;1005,53298456863;3
-1020,07435653359;413,115709481385;906,48016125048;3
-1036,21654515155;338,005971354478;640,386760539835;3
-1155,8159947861;247,43127925061;810,511844516961;3
-883,516054507345;162,371075165735;556,022568859129;3
-701,813806872815;397,452719151827;714,587219231888;3
-1035,90746414848;196,426317154392;1004,7882302031;3
-955,320073245093;-73,0165082350398;828,065774495535;3
-1021,88150840811;-57,857363002712;872,248022578606;3
-1115,63208536245;220,37810906445;852,338819997995;3
-902,777838008478;22,8928915864019;749,718464618661;3
-784,31267766282;366,989442948165;746,706041155101;3
-811,986256018281;118,236829607027;944,977859906028;3
-774,30919893086;326,661401497108;590,626790354831;3
-1144,18273447081;352,992688757732;761,267601387536;3
-1104,680352984;356,693678652192;780,559772492016;3
-869,058817718178;-34,0244961961361;616,429514464895;3
-616,42605853267;201,969741673015;766,28750570714;3
-656,520714517683;55,7647548248754;786,14188315242;3
-1101,73598681577;286,119983857515;849,941922396052;3
-820,746404025704;371,597437453261;735,419226586624;3
-887,916598515585;423,019573207719;716,569898522114;3
-1143,61836849712;57,8505223705955;827,911703138439;3
-1065,07013440132;330,459044518697;834,174370633556;3
-1020,58147410862;226,568697015027;583,975216073297;3
-747,560403496027;357,024963929994;736,580552654179;3
-789,421602291986;162,339182744643;573,593913658831;3
-992,575729452074;335,436843448666;588,824884311501;3
-1077,10793819278;224,712894473017;846,374382823514;3
-617,954251449555;232,001147324345;720,766339273321;3
-672,985820984468;341,935220968421;908,860935783021;3
-633,857027208433;244,68858665875;905,817530524763;3
-1133,34260322154;303,933313413018;956,135289517537;3
-1016,03620857932;205,018001916105;563,267601601182;3
-601,656058989465;190,807670927888;780,28001365414;3
-906,621503317729;91,4924421345046;1052,08219393471;3
-845,408437773585;39,0860606023759;810,297569960917;3
-656,715492485091;141,390184811583;822,107058364562;3
-1069,50916964561;155,313140333211;1007,80843280931;3
-898,378327907994;-10,4026531225384;617,322811266399;3
-882,14416927658;194,554230807217;618,712384479931;3
-1177,50619235449;150,952505015067;850,722747917761;3
-812,917557125911;-51,711770636015;784,835954167495;3
-635,824398323894;335,321674447077;810,93914774412;3
-708,427154039964;316,413976255323;790,475648962378;3
-1062,85875462927;149,85158037656;559,798555982759;3
-910,582973621786;130,621575399107;754,838881164406;3
-1124,03017398901;30,1996916358208;757,891911355396;3
-1070,62491928227;35,7264594885821;786,887792433468;3
-946,650668140501;-11,5877002625363;802,59064428872;3
-1168,94225561991;324,180707393263;781,749944321037;3
-1119,15394663811;313,520149356735;647,171130462818;3
-1141,60129465163;358,482867705072;738,662015129913;3
-696,571717830375;329,601055414582;965,025258350617;3
-664,684105385095;266,252074810031;798,787603728261;3
-645,428197598085;354,534334053144;832,55071165478;3
-693,63054363057;161,486852641291;909,74966390374;3
-759,801085526124;280,243518929112;672,383964616702;3
-722,775223944336;52,418320788381;621,44933449923;3
-721,127629140392;-3,98018136087879;764,086897442;3
-904,948233626783;380,613198752775;983,807037407399;3
-1103,23165026493;104,477030118675;635,588801208285;3
-1016,80034324527;-66,6048072869387;769,311509073134;3
-682,751809526235;377,974441073454;895,665428488616;3
-1022,44942258112;-14,8767954483226;865,694552061812;3
-873,325551906601;460,794365351394;747,730318598755;3
-807,752400822937;139,404812163482;963,36673665668;3
-881,085093040019;163,45422164027;643,711018819219;3
-895,658895280212;353,686688191319;1052,30367330213;3
-1129,35286578722;283,946643997169;662,491737159296;3
-947,722383867949;165,286957280065;898,856631360122;3
-1022,12767833844;417,067345838389;704,679421567065;3
-1116,16278891452;79,5638929099213;921,163586743511;3
-1124,37312891707;203,29365581738;604,411933591428;3
-1186,03521147743;258,478813118703;866,625097340837;3
-847,391396015882;291,502488890275;601,22569406677;3
-658,678465196863;360,157242369901;796,545446976197;3
-1063,08361901902;57,2266904433684;686,442825061199;3
-992,914632707834;462,677837056674;832,888662096181;3
-628,658596007153;86,216759036538;742,559472193875;3
-638,176971115172;152,616282992965;747,932395088439;3
-986,016666982323;-54,6811768256024;726,912043048305;3
-1027,36844890751;371,527555412849;1010,43359271194;3
-628,938638325781;80,3152430299596;795,225639544332;3
-970,145525643602;386,49857198796;844,653920133084;3
-942,412024503574;493,670254064432;793,674794962744;3
-670,619883947074;210,05131592191;963,822698126744;3
-659,959319746122;58,6713841571015;839,394543423288;3
-737,616118602455;-6,78222379778268;900,450650481604;3
-760,031146137044;251,470744251488;830,825256857074;3
-681,384191382676;329,179898056527;749,299395647506;3
-802,64218300581;-18,1024606483395;967,253931850029;3
-992,405521078035;371,407882541986;942,833140447226;3
-1084,38905817457;162,534355774212;581,851166335141;3
-1114,66503124684;122,659126107646;861,81576687832;3
-1068,64032126032;36,2338047799663;724,290286073288;3
-1022,43816289119;355,547419496279;768,979812882813;3
-935,126591054723;368,534333251366;904,7448297671;3
-795,186199480668;52,3954714943276;605,373725413996;3
-772,34861520119;223,5805922172;692,778000307011;3
-771,14512170665;263,514411321373;725,970922054124;3
-727,304661646485;146,449563382989;975,231763820045;3
-1112,29066243395;89,732098386138;823,611141167885;3
-903,716654749587;311,196985530294;868,384963552481;3
-641,214385768399;331,994128069917;792,486213355948;3
-773,524658940732;384,183751597876;750,530629303229;3
-1038,46454042941;401,532568264484;714,344434777127;3
-1060,50069713965;35,7277548667086;697,556611756883;3
-871,576795354486;387,297841581088;806,949879898063;3
-762,105110194534;20,7666366501269;790,426070213963;3
-1102,55430182442;-9,73059174410801;760,610870186715;3
-777,833127602935;406,997812601141;712,76590682667;3
-1055,47829722054;290,409413460116;871,482226627714;3
-782,610224140808;254,307193017723;959,538023573379;3
-1093,05855254643;97,1423782714627;844,06749486884;3
-642,856140481308;55,4781243870036;772,678665237352;3
-808,630211697891;99,1391252156768;993,942951263072;3
-623,117546131834;295,970622928955;840,181179450758;3
-908,003215910867;451,760415578896;849,395126473562;3
-836,328186700121;460,587605397758;788,61404052378;3
-907,107975147665;363,830416372238;898,865572630158;3
-636,746046412736;181,158740230919;718,946939736668;3
-603,799430513754;230,862847372147;794,316788023956;3
-915,687656309456;182,961431973502;938,962435790031;3
-1166,71069529839;146,309192106396;687,046127021674;3
-916,170685691759;-47,1901086263555;937,473672996524;3
-744,081364525482;69,3149837081453;754,770217356998;3
-1004,30591474287;367,134619885584;892,475071079521;3
-829,576740972698;158,821829507416;520,111741468462;3
-1062,99954461865;-51,5807890330326;795,45384890936;3
-827,512849867344;27,3447617727164;784,242004568091;3
-1112,18471964821;201,808083480888;911,233214403529;3
-822,569467825815;-71,4551990130502;826,508459075143;3
-676,329040713608;319,21505994083;807,972030375194;3
-950,912265479565;477,446030474817;874,917896799311;3
-1194,44894548506;247,943226338681;789,170504593001;3
-1169,95235891081;223,736339630863;884,223535492281;3
-1094,87152257934;214,793314458142;916,597022720981;3
-858,316002320498;449,740968233469;792,998289791938;3
-879,128023004159;-20,7109599898463;937,831518972869;3
-1073,18140477873;435,541251826838;780,83433499841;3
-1055,72463884018;164,290316430012;865,864531799456;3
-1110,00022832304;-2,75873743953531;827,275863687789;3
-845,098827872425;478,288962232897;744,927824039934;3
-693,660530308262;328,116475743613;670,753150470786;3
-951,592866657302;112,997408496995;958,88943854841;3
-683,4697608836;219,765376371904;678,558678137106;3
-1126,82651295327;77,3865758627511;689,255264547783;3
-773,318165447563;-8,45254049127348;665,539881283617;3
-1165,99032576196;127,029770469608;828,391117564682;3
-784,501103265211;457,197755411954;774,865997425451;3
-1105,84462392144;381,043509414505;700,291892546089;3
-749,814672628418;163,459658886703;951,956767745591;3
-1009,14880335331;-65,7135773714689;873,742449356345;3
-652,517021214589;321,694233047124;691,861072503703;3
-868,332344060764;16,3826877109338;698,106913787892;3
-1035,46351008117;262,210057359706;734,994248985029;3
-1073,32495967858;412,718855400936;843,732292801212;3
-1077,50918227248;328,748645469952;732,515185862599;3
-802,066217036918;418,961024196249;743,547390867235;3
-1044,00023859926;-22,4303626149141;744,273932987836;3
-727,745324280113;257,718047678374;808,552575164074;3
-941,667324258015;356,049505790988;943,250228274536;3
-1163,377408823;228,089629569308;898,912606087928;3
-676,947439229116;398,240768248911;825,00669995653;3
-1039,08244217746;282,06599557052;934,154550189617;3
-1063,89233213849;270,342232195655;606,172695192888;3
-859,165726555511;137,653115929353;659,338875646093;3
-932,266315072775;414,709830012126;867,664908564392;3
-945,909796468914;117,148432609161;738,604224109776;3
-811,969186691567;393,000449302203;980,48339940382;3
-1184,14798225276;191,029516451212;805,731862719072;3
-932,894888520241;109,064209605593;572,830699484153;3
-764,570490829647;222,05318783645;824,663281407443;3
-638,704520557076;193,944167203513;796,244388054783;3
-1088,6302978266;366,629542093861;889,963562613112;3
-1122,76357775554;34,1936319619333;783,386273521873;3
-1050,2356456127;166,645322006588;815,370932340787;3
-936,7107485421;52,4836045658943;758,647656850173;3
-936,62128248252;229,873807023242;783,430912073026;3
-1140,29555981979;275,025455671538;764,658836278203;3
-933,354189153761;102,549090552452;986,569428129545;3
-961,398091446608;459,770693487128;668,910913167958;3
-827,235564775765;-21,6228439740303;814,775133075952;3
-613,334233732894;274,446294573079;843,090660141392;3
-732,397613860667;115,396070276217;643,970091903327;3
-712,637077644467;18,4302190680145;854,045128433075;3
-675,048740068451;388,356066642261;738,204444240029;3
-962,465465767309;407,220546922605;807,869130406254;3
-911,474533332512;13,3767107097587;795,472928560655;3
-1145,28905628249;323,442002585148;699,983373202761;3
-745,039597386494;82,2210542250807;586,397523619311;3
-611,917195608839;158,035518816225;747,296712752869;3
-642,509332392365;120,95890149421;729,150722917297;3
-635,433121584356;199,141367597608;800,497283757899;3
-1024,11322477274;235,347915989092;727,282482424063;3
-1043,37948029861;-12,9389759957885;924,850014073621;3
-910,591615084559;201,876028160755;563,610000011195;3
-1006,50843847543;243,785182583257;973,30164756885;3
-696,023497218266;358,389394041719;730,032985554357;3
-705,688999034464;175,487409272375;899,219366514967;3
-1053,67410541512;219,058524322965;785,964774912689;3
-608,054575743154;233,910036573362;807,580651944896;3
-945,56187344715;-13,2918017564717;884,2082907658;3
-1196,4000962209;221,76951125398;790,948499150447;3
-714,840734191239;262,275079061021;798,265096758233;3
-900,976740103215;499,315225329241;792,40051255039;3
-922,199418302625;251,175092535223;632,127208404186;3
-975,585976056755;441,22755164668;713,777229429133;3
-1183,52431249805;175,64842842372;813,278370829487;3
-676,439899206161;202,701497764917;956,051801096017;3
-1095,93817214482;38,1825692750081;909,986224260795;3
-913,979234313592;-65,7514396639048;756,458552885445;3
-801,590841868892;157,485990744049;790,920080766953;3
-715,805025212467;244,92860901949;902,534557623355;3
-867,129088751972;287,056542098771;871,713019063327;3
-673,628140753135;294,39618574225;939,365184640086;3
-973,653018660843;314,174682766756;633,714668567687;3
-809,877842897549;419,141394617618;686,331832141743;3
-1118,18287186325;294,644541957881;916,67609878693;3
-904,78348522447;482,202749172268;718,596379620006;3
-803,829698218033;79,7967580024447;940,927727199844;3
-625,408313702792;114,436115097996;753,93059326372;3
-1076,40779558569;31,5715147713352;778,31230867201;3
-999,203980341554;482,862323532269;796,889141333927;3
-989,369810884818;329,195064367034;855,354872350017;3
-1019,51288916171;330,805816487829;734,192060926218;3
-1060,94326819293;-32,7394474989815;883,714524386569;3
-1155,58026116341;303,947781053597;821,17148231753;3
-704,260989138857;104,80645916714;775,818432328246;3
-638,31961043179;58,5142293890092;829,364654128038;3
-1102,50228107907;175,166224304113;604,179047269456;3
-1175,00612000003;236,773436666052;869,381774673471;3
-657,942003803328;135,866520937721;890,486128356346;3
-658,808632241562;265,91141079601;812,542994269018;3
-1152,78347111307;73,0828710904574;787,499578107303;3
-953,818598901853;327,393506463705;795,903072079294;3
-770,172047289088;384,351293041411;958,669861026371;3
-1006,5591070801;409,309490585746;634,380952931331;3
-1073,68941069581;-26,693610965031;866,296569322457;3
-966,252642078325;284,038671823019;874,985050430134;3
-1137,48139226809;358,06300177232;830,647833813445;3
-609,748260537162;156,818387264747;844,989939304485;3
-604,559612553567;236,901914554715;781,694627278239;3
-718,194255139679;133,73557327843;818,972639955738;3
-911,456831870601;-79,5034076908075;851,79615048667;3
-732,815891364589;286,331650295602;597,935462851014;3
-984,263720735908;-50,9599226041018;823,34635658226;3
-1079,02864711359;128,037703903276;893,167061495382;3
-1132,66861117445;226,773944967029;656,625250097277;3
-749,753193603829;206,590451617274;692,382291443333;3
-771,359126921743;278,477146009295;854,267983484168;3
-673,944564163685;197,547039263318;914,231331569543;3
-679,851362295449;105,688451964833;876,470749449235;3
-879,389155749232;91,5032284422353;1064,56222961687;3
-1085,88268342428;244,220161914227;690,475665677031;3
-1002,11784434505;105,123527203293;600,617188679569;3
-940,704478276893;130,466655038982;840,180352883341;3
-1147,06219914369;317,058173258579;679,069620760611;3
-919,711383618414;435,146758545886;909,088006918535;3
-1071,38437586837;133,497420168096;818,730804454606;3
